190775
40470
2972
75887
56206
10102194
3896
70961
28896
59818
4621813
966
95288
36964
911
35157
2916
95351
6073213
4202
48200
20439
67379
24806
93310
4617056
32213
96906
90823
50747
65435
10500592
86855
36009
93597
51383
4215976
30614
28432
46288
45209
113578
51649
94735
6436
69320
14797
80271
52067
72579
49731
2200
6021435
42058
48288
3471
72515
33048
72602
47300
43708
28903
65886
11610
4173828
18312
48495
32534
45286
6372025
2417
209656
69210
47115
2009585
54672
92688
14175
54121
10103443
4266360
4528
6150503
4719
10058
30073
59134
10080233
21497
41250
4332
32014
41617
1747
51641
93596
92340
13614
4643628
60581
41850
10103474
92948
74747
1884
2527
10842
76796
48489
45186
30217
78124
2922
2332
52730
49817
168155
170909
93348
19179
24186
33287
60032
77850
195555
24791
4591
6021375
3132
17701
16558
839
49633
67815
31171
64451
6344094
61052
66282
9771
91704
3417
67696
412
45450
37036
85959
21817
111539
67276
71015
93272
64000
170912
27064
71639
31035
62318
61053
36071
79429
70675
2145
31062
10103558
35480
54914
30209
16829
31059
35019
41862
4870
10103930
21626
4800
55026
6460
40471
10104802
85465
24467
33085
67842
12898
24388
69115
34337
16280
63318
50448
48989
69984
53102
780
19185
15265
53070
22380
22411
43899
191895
103436
68893
197295
3688
31193
73092
11294
92747
10095457
6238
33388
6058
6962
68150
18980
79230
4221674
27106
45287
99431
31002
30101
24538
32202
11399
6575
25974
191965
35394
53230
60929
4621809
77263
95343
52655
35763
65912
11302
61815
93161
32013
2383
19663
33970
6021376
64178
49247
54263
4288
71465
60467
64983
31012
79784
38979
4643682
38053
2814
11296
67321
36765
90051
5001335
53916
10101072
35925
2991
17668
4547216
6459
98793
30932
59625
17064
31149
40643
19001
11276
42021
16260
60212
2148
6223
58321
2530
10102740
47527
28342
42250
50943
55428
28551
169635
78302
32920
22012
4869
95543
4105569
20698
6475
52273
18500
32028
170876
33009
11906
4643431
77596
23037
871
4232
69244
45499
90066
36333
80437
6254
1603
97122
850
2999
15536
80177
4588
30360
84122
4107416
32552
6075
59619
30324
91602
11953
99249
26907
4006
374
11268
64649
18769
195985
2596
10104306
37046
20218
49822
66846
41750
33212
92016
33187
54275
23697
32523
60599
4643678
2640
4287257
4213
54068
56143
30109
49634
16401
98279
78539
90786
89586
6228219
57540
71342
47675
4866
14584
4172375
64272
26423
22647
37995
89827
35697
1124
44146
53031
61054
4643605
4655
15092
77892
66184
85954
74664
22400
72551
57564
62531
6073249
74981
21474
21038
23949
63091
61794
3217
40710
28216
89145
2206
6859
15038
44877
24120
55427
10068853
24192
190736
17630
648
24250
3884
48395
10010493
6219714
40909
9719
3598
10064
17596
49307
87322
35103
11618
48175
71450
92585
45496
72648
10000
13564
41158
98677
15400
44675
4643603
77531
54742
57567
64976
42444
11946
62700
69730
74527
40666
10102073
10105743
4375
35910
50908
6058417
47311
50904
80501
65138
10104433
16057
33121
67343
90194
31026
6219716
003402
65481
6190076
67026
26651
68865
2629
92226
4519599
6037292
94164
57551
15327
61485
29476
68382
50913
98087
194045
72637
4861
518
44683
10104995
40607
48080
38012
18866
22167
85466
30082
64562
4617055
35122
27393
12889
4544
2677
6073196
67588
60219
22300
36037
11605
60899
191985
21997
87083
30396
003438
24086
31070
33172
18787
59900
15624
38537
35088
32174
94130
44530
820001
72994
31622
2508
80674
99224
88964
57528
4112734
43372
87752
384
6150510
10010521
27395
43472
85772
51907
64253
219
55981
66279
51869
72134
75847
11277
6120
27323
43967
3359
51708
89618
37395
73676
40996
4643716
89079
15515
26994
47983
47972
4181
93594
23988
30166
84943
71446
64946
10077401
30378
97895
73677
15504
10068859
41324
59895
95650
45541
4716
4131275
88491
4643660
77269
37401
2633
3455
47986
97791
45590
6132
22696
85951
63720
32089
51663
4617223
99499
2000045
31472
4199270
4649
75285
47759
74261
32298
30565
12753
80477
6182862
49184
39115
3787
68871
40241
14952
25233
26812
35967
66558
4169
32229
10010491
14423
11609
96457
31208
6399198
13527
170885
97437
37288
40375
14647
39381
3176
4215969
61904
78482
46481
62013
20210
61196
21994
11261
71797
2719
2639
55075
25168
3737
91671
48933
54163
41663
15368
30045
66831
33320
80428
14648
14277
57566
6571
35011
4744
160205
93220
2012
4186
15118
30410
49254
102662
72374
51440
30569
17608
77405
4327
53588
37614
64022
11250
192895
54572
66618
24493
44363
57536
10192
6021422
3395
30541
36978
96604
30292
52176
63284
71495
47676
96254
30987
84757
18587
3885
17478
65571
87685
165495
58065
73229
32063
6214
92082
3008
3778
14274
43557
3841
41503
16577
85351
195505
165355
33061
50190
6178
21491
45473
194065
71372
19732
170877
30363
4643713
32068
42135
853881
6043
67938
28982
853989
29634
24636
31148
397
4352
43616
13610
77180
4643621
93147
20812
87840
3172
85697
75011
10102947
42023
25409
32918
1086
20875
55307
60905
4643545
27409
57533
44844
78443
18975
25111
32271
72378
10087146
48092
95344
19570
24135
27105
36940
4035
25737
30121
21531
34126
44666
13247
64169
24471
47469
37695
16409
36105
190105
19433
98135
10100078
35044
68869
80809
66285
6497
23927
2497
4050
814
30106
4671
39510
2290
33365
66532
23155
821577
54568
47537
63965
24599
199013
170155
3666
3702
47456
759532
98222
73231
24188
21527
32293
25494
21035
10102751
40242
45746
17583
48079
10010653
6694
60670
6407
4643645
15537
6021403
34354
49196
42531
790
4185961
30492
87941
34421
19798
11329
44790
48177
93606
61896
6115100
31616
854050
19118
33195
3476
10102949
57848
65623
31453
35563
820672
003500
3691
33054
4199266
80910
77834
52064
60468
2466
48302
21625
3334
18652
33023
64981
46338
72801
45288
4217
24299
102735
10101061
6021433
194215
3673
6055
40373
93164
24505
41740
72838
30092
11281
90617
35530
168235
21512
39019
14357
82551
43855
97784
3840
71617
4644157
25806
54290
86449
37277
53551
10102768
32568
6037288
41817
62243
80911
38339
22408
15574
38016
33593
11126
54941
30592
93162
32185
9912
24744
6361
4434
169775
32090
821423
95120
35473
1531
10104431
61673
48457
17784
35961
32489
67338
18674
93553
6594
8
3482
11198
65085
10104435
23444
89201
2574
10101649
44818
26036
32316
2310
19000
30398
92862
38770
45571
30182
195125
2156
19992
18842
32576
79735
92228
6539
30459
8888
25214
54398
191905
2543
92206
93575
32777
3145
69940
56406
22004
64261
96487
11208
61768
47339
23950
31220
80573
72754
164575
21850
10485
11249
23799
84568
16965
89895
53317
94316
38331
43849
90067
49785
160425
78477
4444
65473
30825
61071
34045
51895
18763
34685
968
101658
2853
15064
3026
13073
22127
10602
79244
4216597
37675
6195852
44376
10101864
32569
39800
10100005
99008
4643663
94717
4621836
498
43474
22921
191075
4631445
36745
54855
10110027
67656
31813
4758
30303
95455
60485
6058351
60055
6146527
1751
77565
87801
3569
60935
60483
96489
24240
4479
72764
19071
22015
7000
3823
31157
6851
17681
36690
70697
4643669
51744
88525
6292
32250
2617
1994
168125
40389
6061
46482
11090
22990
4124820
45730
102664
47454
21058
32615
65785
4735
4132
84200
45574
13710
35035
48301
27170
13782
20244
65304
13879
51800
28321
60936
6058413
10103709
789
3282
104681
13754
18651
17211
58080
52038
30325
74526
84978
76087
88669
71958
30895
82622
98458
4643617
4111545
65110
85825
3559
2653
41533
30225
3470
91062
34174
25411
10102078
57850
34908
93563
56890
41835
46285
16968
4643643
4643684
11601
17231
2823
4621854
30897
42437
23901
6021413
2494
78689
23714
45202
85153
49527
93230
13037
90414
30488
43374
26910
33045
10001505
01023
4621833
30643
6064217
4643630
32218
32526
34728
68211
90065
14250
65416
65133
3837
4341
38190
30542
28910
70358
71720
26987
47541
65253
47307
89590
30376
13853
196705
95229
30223
32079
2560
73313
31445
76537
6073203
85457
16058
71539
169735
45784
22906
15490
61581
63153
10104812
38966
95225
30156
93225
6076
62023
44751
6064216
14418
61981
71094
75726
6175
93383
36315
6090
168175
54404
6135
50337
55295
53547
4173822
6474
47991
11282
3613
12783
33303
19452
37278
6279
77595
53984
4133396
35932
4143614
61068
50993
4643478
67539
89289
4644166
50340
11954
10068823
3232
88323
32627
3485
21465
89762
48492
18478
39523
4173946
003446
58119
3766
57569
68054
41893
1578
791
170906
20135
39356
2646
12126
198325
70163
33034
58089
10867
12618
72607
35003
48005
33211
60602
65429
36832
72185
59233
30658
11298
2744
92207
5011
4170201
14248
60640
94318
71627
40395
47855
16265
93250
12545
11835
01937
10104772
6021407
74580
30147
44309
21516
53542
190605
21523
69949
31205
24494
49541
3519
190765
4643674
67140
47474
70602
98378
76797
77181
47757
45452
17486
68302
6150511
71792
6216
6196
34997
50626
55705
71935
2826
46357
3665
18857
90254
4621856
60911
13378
4945
43066
44970
33086
44665
11245
88524
31110
58181
50925
14498
61810
24179
49607
003496
29
79105
30397
32279
66350
67023
76776
46272
1374
44670
12652
25961
4783
92287
19568
47470
66859
33125
54178
32212
805
17453
190315
94301
79677
169755
21494
6021424
17787
32208
77992
6472
49632
21695
2135
97836
36939
81859
2423
6266
3967
4612920
43614
47261
10102770
73733
10100467
59718
10103043
19734
21998
16335
1750
4131307
6693
31623
15460
10103752
84203
4621841
58174
6115103
41747
13347
45497
77090
21953
13788
15351
80562
51559
54096
73697
98587
60657
30387
57915
40874
50951
6021429
54849
13459
4337
54605
61901
6905
92910
22521
3001
10102951
98280
49308
65413
50910
94324
52345
2641
72614
77813
35456
4310
14769
191885
28125
87791
98153
74611
62670
54402
52069
004250
4483
170874
6021459
39576
34499
89652
78834
98820
67718
78611
52024
4643428
6058381
32188
35186
58380
21608
25892
6021406
61626
60592
30769
71616
99219
18910
93581
30165
32205
44383
36975
94737
26857
60773
4109636
23801
60273
78690
92015
57852
4631398
72997
22425
90735
6069
57854
32566
39124
42394
84125
30035
84564
99226
79687
4643539
71473
36881
10068840
3821
4173814
749
3474
28207
42077
45575
78529
51698
4643703
6039463
195645
92402
90390
4941
48119
12555
821412
6630
25936
74529
50200
47980
32577
003381
86876
30564
3730
821841
49418
004612
32034
68325
6078
35468
90199
88283
4643439
53969
77148
165375
37493
47371
6255
54174
30298
2715
6187167
30194
3748
71510
36830
21411
53533
53793
21755
67632
2513
58078
2284
84642
28988
64024
74940
169645
6032
6021380
81344
17550
92738
87655
51745
1568
53352
75537
58947
93222
23146
196725
67654
6797
3639
26272
59559
57545
44548
72203
88606
50929
88393
49700
41759
69523
78532
93094
926957
84867
40234
76954
2435
64978
92218
35020
84868
100728
54907
65719
79603
30028
50922
13585
99460
34732
93496
10102769
10101085
4617234
67759
90766
51468
47308
39262
17637
72454
52359
44676
95313
36187
53119
39270
4746
27262
92842
78519
1993
2995
65196
6441
10555
55704
4614
15457
31302
47331
90255
22916
61983
53457
37351
27932
18922
54778
77329
38022
73831
95226
78799
6159
67872
6490
93056
2009594
71861
4110153
22978
10104350
44035
44568
66646
2792
6021359
71502
19444
98130
66858
78253
27947
64462
10001923
58797
15113
99408
49540
65746
4349
36452
820700
32087
74163
64644
39134
10100451
77539
57543
31551
28779
6021385
59599
13357
65462
41342
65870
34524
78331
21490
14278
19086
30133
78797
65574
44937
72183
40002
1548
33129
42332
1084
26836
42025
90784
55013
99257
6252
55299
41875
47526
57990
37801
69658
90754
16740
58574
195145
24309
170904
54037
4210
6182866
30299
71447
93996
3039
36841
64400
17694
16455
10227
16699
3808
67948
69657
38973
44374
20854
6405
68149
19560
57561
6219721
51380
74510
4558560
44142
37391
97783
4150
57541
91551
168845
30619
45896
71352
22888
47309
30497
43655
004602
54590
43900
70681
10103823
6411
30176
6163800
95050
10103487
37841
98225
53319
6656
30478
54912
30366
30356
19119
9244
92758
2880
58007
4612947
30713
3505
22169
13624
17961
90463
51357
66270
16009
46308
01501
67559
14728
35934
45536
39568
50927
19305
2434
39370
53455
38405
3965
71786
67419
6371011
60770
2657
80268
30516
3704
31210
33389
2774
16381
852906
10062
2207
46106
2644
24199
11010
31966
194015
92221
14894
92217
43124
87842
54662
15348
6197
25894
59232
92004
6187202
4643637
59199
16091
60593
55664
85453
15790
48107
2830
6870
22957
4509
41768
69767
5
41890
195986
2439
84866
3586
3857
13778
51926
3640
3713
65735
18940
18855
26599
85301
6155
194025
37842
34883
72831
18948
53989
61862
196225
69716
71594
4173824
47506
51138
52031
32967
92201
48488
88559
65130
67351
12605
4000
2516
46281
70165
55010
36618
50861
13780
2392
22644
74967
11271
92232
16341
20434
20441
6021374
6187165
67959
194035
65476
93541
3383
99012
15872
44838
22621
38684
92691
92590
47396
49146
23931
96624
41666
27091
78258
10001722
1544
41662
82235
1511
38561
33394
4643430
10066310
71155
4643604
18585
17485
11291
4282
104
92946
43898
61790
69941
32505
85770
72767
45300
2529
33760
10068844
3220
30552
69783
72827
65632
22251
10104819
93061
44740
67954
2102
10772
54888
88150
80622
3297
4230879
16197
99021
27169
47712
3566
24190
18476
54119
6059
24858
67880
30256
82263
2121
80225
63591
73117
15677
34049
31263
2833
61956
2632
16542
36064
77617
74169
44358
19211
11767
37452
2032
42454
10101463
30489
38547
2377
10793
35463
45708
17274
79110
54383
72736
168335
64305
47975
67378
4643700
50461
4133394
75894
992
61667
1756
53178
85777
4511
2132
33868
7039
19064
86147
4643647
10104259
27507
6305380
19087
33077
92233
28981
4089
2682
23429
53394
4610
2528
41812
65676
18947
34935
32060
18976
2231
92205
3127
44811
69660
71549
2038
4781
6180
86057
4122119
21425
4728
63280
45481
62696
6496
61306
44699
64974
13233
30261
6004468
92214
37480
33049
28963
53572
30962
69154
26469
70049
168275
54690
10102738
91347
67372
58604
6021464
16855
35693
62832
37308
3597
1384
14405
47411
19459
96479
95656
2343
30715
18950
30274
6393
36937
37571
23187
16494
76019
28373
68589
48036
103490
33227
30323
20308
6021391
23423
43097
72532
95668
15503
20205
79808
14939
40687
40472
10104982
26749
65487
80308
95051
51637
30501
92211
54173
78574
25509
103820
86448
60894
4612921
32191
4128030
3187
003439
13665
79482
92007
37419
10090572
14082
32308
6853
192425
15082
53560
46651
78940
43897
61803
41823
10001120
10068783
85970
33177
28952
192845
30139
6583
77860
6064218
6993
80223
4133069
52212
37482
47461
84560
30076
90351
59826
30694
3382
18892
25532
10104042
85347
28211
72022
33230
54206
90501
6076689
18439
57846
60167
66561
6064
14119
170903
22956
67737
88067
31176
10103464
33990
6073200
18455
52886
65860
71752
44534
32932
79505
3484
4173636
62505
30639
47996
6157
34809
52071
66909
57534
3277
32553
35692
13971
30249
60093
12972
73272
56710
28777
51638
4644156
30198
11955
39927
51808
59620
38385
76911
11258
58580
21858
4767
67655
32015
38775
21421
6219
95674
50232
6003555
30250
10104736
2288
53566
4888
31077
2468
72757
93571
2539
4266
14417
49736
63813
13246
3433
49767
32211
67900
100097
003502
68493
2591
29680
57588
80379
38317
32094
44680
53450
4732
63055
62930
24489
72758
3156
40386
51347
47455
3573
82476
6179
92084
20302
72206
20476
71445
72557
48496
67137
71093
66864
43337
36184
46212
32270
41679
67367
80516
15976
90613
32303
37084
64872
10103029
3762
37252
004590
49283
27151
4643727
22885
33391
14395
1849
27085
48178
62360
69934
44139
39126
93251
30536
13622
50559
3659
99771
10053
29896
53578
86013
33062
27998
30214
003497
53583
4666342
43702
25461
63874
3536
6479
77127
69157
2143
95200
10113
820670
62713
42316
3011
65734
01343
22302
67369
99229
24725
51546
13071
33286
66821
31861
10103039
98220
28870
42443
32362
30239
15362
69871
4617241
90001
44715
27385
71621
20398
31847
87601
160325
92208
33495
3221
21065
18200
32570
34531
3902
2717
585
61976
28220
75550
42093
4274
52914
60608
30201
60031
36566
42258
15579
820671
24055
22402
80324
88155
22918
6413
2347
53834
14222
4107417
170884
51560
24198
4499
41097
4643671
10102757
10101461
35
65452
41769
3633
4543
77859
6021447
18858
65157
21747
62885
84622
78792
98057
6484
6115091
51714
3700
3
96905
3464
71799
741
50932
95689
66965
26767
4908
42109
85077
92199
2294
11106
6427
4143
10104846
4617228
6589
198324
74844
65579
75215
86038
89519
4198
52688
4631414
46891
93578
2420
3664
11213
6303225
31191
74214
92339
32173
56151
95746
10100596
4289
4154183
6942
44218
1085
55297
90265
31168
4474
49815
2781
57862
30689
14696
42876
60895
87846
57887
198323
20478
73550
80031
16052
17744
80431
20240
63658
83345
37123
37674
4182735
58071
68512
5000688
20408
52994
31333
11215
3022
32578
4630068
6564
11931
2341
96490
11439
2738
80429
30102
13276
89290
54754
16411
4215974
59987
6181
6021386
37233
56741
13269
52769
38535
51378
90847
16632
01500
62576
88516
14092
4535
24947
31918
6182867
52268
26835
4643494
70609
73129
71464
3685
22248
800
32189
30170
104848
61811
15672
6085
6058382
4121
70026
72156
46105
6021446
32940
3545
92290
4173448
30924
4184226
65219
6021465
22955
813
71558
20897
4143306
10001416
2033
61481
13074
18838
004631
160395
60499
10103437
4190
18783
69858
89157
86055
3897
88812
30468
4590
84879
61788
1927
821406
29041
6226320
16686
32144
71548
30077
51035
19475
50429
32310
15871
16957
72184
51806
31367
88738
10102339
2008
94723
19073
2473
38583
801
34839
52924
72181
42289
01709
2876
75930
92911
90600
4643675
3680
45141
86867
38799
32739
3177
879
89908
2213
49539
3262
47225
4461
87555
45451
4199273
98128
65866
65113
71626
69754
3836
6104
70928
71411
43891
63062
44681
23443
32662
85666
4536
2422
729
66788
32059
15429
45179
75940
10103049
44879
47905
46905
4117696
80278
61796
19220
41896
24465
42026
76794
43558
4186302
23769
34268
5005239
1754
53510
22622
104390
17048
73642
32498
51239
64566
192685
20479
68504
10104184
31920
36766
18974
46413
47462
73389
4162
99223
40249
4643642
53975
30982
65382
27167
1874
10197
10001922
57900
88289
28592
54171
4335
31182
01503
6199
10050
10183
77529
3870
32199
90783
6190073
72639
21788
42862
6183
74507
821410
63676
87585
38086
194535
73109
6106
42942
16476
79822
46164
15491
64798
63063
100808
18306
93605
58392
6058380
4608
11334
10102527
65857
36656
31118
2351
43364
84566
4034
44138
17636
62840
35024
54066
28535
39276
6572
46537
15279
120317
99784
13785
29780
59622
4477
31189
15444
77598
30836
4189503
61805
4133
23306
90609
24077
3830
4907
73562
20684
60909
69152
64563
32572
51648
170881
47113
49409
87747
21699
51026
170907
31042
3833
71073
38320
2561
49711
45125
30626
50933
34572
38590
32216
4245
62743
6187195
15621
99809
50944
39652
71930
43473
2878
30374
98569
31925
22991
4102
32832
46155
420
99055
60614
3865
93086
6187166
4195285
41751
71942
98264
66964
95831
53613
17795
19563
24191
21917
4643606
64870
41882
96458
4644163
94901
95460
23431
38784
64846
92280
75347
32012
46666
57099
6140
4173945
31317
79245
68297
6030
51152
79680
32363
65209
41864
2756
6044
30463
82043
92912
20207
51798
54922
87375
33827
23989
42453
62408
79737
98579
4873
94619
57467
93223
4493852
30602
10126
3901
71619
60766
27978
6525
93140
71049
54597
4643427
89278
26707
30540
4647
71498
15470
162275
65453
50862
86386
99242
72599
32069
25534
44556
29687
4915
90826
4643480
4125099
32002
2464
6310
21445
17347
25895
80227
24732
30075
19093
85984
004225
6058377
46158
18601
30159
60477
6344095
24123
194325
11597
30474
46333
68301
6073259
23924
58327
48070
43856
27261
30503
53299
0439745675
32196
34933
6473
83497
4086
25376
54190
192985
92950
6277
71638
6182864
62681
24946
19557
37697
91061
10103024
90661
13609
64680
4643659
67704
87414
90625
52932
4253
72578
22989
10636
47324
48995
2547
92215
32482
87827
4182737
37696
48114
6536
31323
4855
716
3486
10985
66352
42254
40145
86594
2214
62695
2409
6925
168195
004231
004747
67820
30475
30183
6285
4944
72892
6217
33120
89917
31113
2005574
35846
41606
13250
6225217
14799
4187
40465
6066
26270
63673
25981
70490
86148
18969
6424
6346
6047357
54189
10102830
69938
87815
98282
3010
31291
4593
33400
75084
6046913
77260
47419
30184
18832
100729
64430
92580
51341
92832
66220
13359
4854
77167
56603
33179
10104048
36934
004800
35031
73210
21351
2563
2610
17725
43713
69233
4182738
44851
2440
40554
35789
4882
54661
41099
45462
33261
4714
41101
31180
35470
68081
10104049
32661
46286
6021439
56823
16599
69451
64771
14320
19872
53792
77787
32579
17688
22645
59229
33201
46335
2855
1879
20841
14719
2131
44716
32143
42084
30180
4142876
6303230
14716
93608
57568
64651
72998
84123
4662
6515
4607
91045
11891
65115
69234
41125
68996
73312
98284
42509
30105
10905
49739
90638
46370
6004121
66160
10001831
35829
11153
6950
47296
63551
53982
16598
49105
18906
75264
44823
19440
4072
76371
92224
63675
61798
163156
45756
44624
35700
14177
3628
31169
10104827
6253
90803
3195
30394
59993
47720
95324
15071
50451
45408
4962
26746
33202
64343
94883
54880
003501
25508
19250
40243
3134
36173
79387
18806
36067
92949
24513
80039
7930
4268
90395
4084
30464
61759
11938
16452
32016
4212158
33006
60478
18918
6021418
30625
44137
84955
61765
10100814
2873
30276
75492
6522
71768
94724
78538
28588
6558
3388
98137
2005544
89616
93794
4360
24793
24807
34366
57519
003498
6396
92255
821435
60777
79692
14718
89147
32449
88687
31218
78278
004462
78931
92692
2628
3189
6836
6596
16196
74415
14183
95188
89828
31041
30911
66562
16600
6574
90649
87749
68386
62969
61905
6469
4239
57908
4173821
4643614
11599
95345
4612917
59577
21525
38789
92586
76707
11476
15397
59349
3532
4643689
13457
35897
68644
87807
37429
6179833
10010492
35649
10104784
30384
64785
44728
6121
72645
6219720
32084
3629
61070
45001
10102115
53546
61671
66529
38836
64228
29540
51542
30567
80285
6182
4270814
77083
3531
31261
76795
25632
35494
4594
6187191
67817
79751
57878
6293
24666
4192
4621870
4643676
81911
4154182
30821
51642
87994
163555
54034
35916
71535
92011
42235
604547
57701
1613
6271187
170878
50967
49748
87576
84191
191515
66351
6158
31465
19052
29698
10104047
11094
10100342
41969
66792
38421
3623
10104899
3960
3582
190805
51319
6684
22038
2342
92202
818
98564
15407
29976
28873
53019
55826
4466
4643698
66887
4776
2743
50576
89524
31901
90538
4643718
72092
21777
10983
71503
78527
4621812
169695
48289
41664
14856
4153273
4183
6073292
26138
40938
3701
73304
59230
93555
67882
63056
87079
6936
69156
54132
40709
66432
88431
85607
79831
44036
170880
50303
4624
33322
54060
24549
41660
79604
2344
16292
80835
24526
68568
62409
22993
43719
66789
3173
35930
79004
47508
17444
24232
43852
4643492
44521
65323
25608
44809
30140
19095
28091
87236
31043
821409
2607
4621857
95052
41326
87991
77541
68169
10127
20037
26112
55298
75513
4259592
80267
71610
19020
6011237
90350
10103442
967
10101081
80274
2442
702
64453
24855
32311
38827
6187188
4524
1871
51810
01041
48176
2009686
6196373
78833
67599
003432
6187173
10100656
6271050
6187187
15105
44512
2913
94349
6588
1386
199540
4107188
18945
4132570
20212
13770
6155710
93561
68547
10986
39803
3497
46478
65181
15354
15745
21849
54685
36944
47424
89141
76147
85543
10104734
3645
64286
60925
4382
57859
4662109
77540
6150522
26267
26149
17618
2662
4182734
6923
77606
19917
2614
30596
60184
120626
168325
10101865
32172
30215
47407
98367
66826
48300
6231
68197
4120945
40393
9626
88695
3032
98459
11103
98573
55804
99225
14142
72008
10102079
92099
53568
37742
10103449
22391
98604
58784
30038
26852
32575
47338
30033
75772
31178
10100081
43979
42936
24876
7403
64276
18382
89849
26249
13808
14144
715
195385
33271
60373
1762
10103046
36773
63317
99241
51739
22370
13055
26288
28739
45205
47029
6058374
38838
50231
59832
50629
723
80017
44661
46104
41203
38380
35985
21987
66109
69368
85076
32167
2564
2670
94736
11301
80661
32580
10104654
69263
6036833
6115099
4223
2223
24924
4621858
49635
29236
10103452
3571
190255
55805
3041
16054
44589
66308
3491
72707
94210
35962
21064
24315
85944
10105654
47414
71633
40245
67928
10103453
3460
30286
32939
87789
44850
74699
2553
4180878
10770
2474
37313
26810
4612
4612929
71184
35579
46479
40330
54850
4621831
6150508
4173818
30480
43745
65132
69897
64766
74662
27186
10001924
4643668
30162
21561
85489
1588322
65432
52770
10102077
35775
10100082
4182731
10288
2680
24080
31652
6021384
55963
50450
15874
3538
57697
604553
35978
62233
42529
44144
41096
4442
98597
5313
15449
6073192
80220
191076
17704
64951
30644
56154
87811
58121
61669
17592
39794
2875
43894
45704
51996
30650
44571
6079
27976
34730
48486
10104782
72869
6632
77182
34076
10100689
26287
41678
3249
32138
24426
19075
55238
52716
3218
22958
10102954
4507
54176
50431
4727
13965
37822
90386
51703
87810
71509
34724
65836
20105
10101606
17683
79987
10001572
40340
4131302
6063
67141
4631444
78793
003383
52166
30409
92227
80097
57792
4750
32475
2716
72535
10173
36744
6356562
6282
72546
55023
21223
6912
89536
15357
40235
20251
32467
57702
6370967
2345
84201
2711
71634
4022
854011
6073291
34417
60128
3194
40232
26243
30697
22903
10087327
76385
85459
85418
59040
71075
94722
2856
71449
101349
44775
72047
16179
42359
46376
33525
4297447
80792
19575
60590
4219
6021367
01504
98134
19478
11478
45918
96693
25375
30388
4522
53787
22992
39260
57894
2901
57530
15369
76918
49726
199025
36688
458
52888
4643437
1875
14036
53923
4802
11464
10102067
6953
10100074
18827
30056
69066
20413
41247
4342
57277
30295
6524
34220
41202
50112
87913
6039421
2515
35699
32845
44772
16342
4612948
34003
10868
56216
2204
4643724
13731
84881
74166
79279
13054
22407
45277
6021405
263
281
10068843
44572
88166
28631
88686
2039
61800
35016
35550
2467
69910
6021443
6966
13584
69661
6239
23861
37829
53548
29115
68060
80295
64304
34476
84349
92019
52350
42234
15346
2009688
23984
26245
49828
21914
6105
35908
63961
93091
24511
97556
685
14823
12146
77168
20952
2921
91884
30099
12966
49523
30149
54200
18527
60463
53069
67942
25548
529
45464
47337
55706
54093
4259999
42511
51625
11614
79794
50252
35981
3160
71972
63086
79816
30134
92230
30357
32206
72756
48812
53020
2169
24977
60466
10101082
60903
53447
20874
2000097
3300
4643602
23430
164555
42860
421
32086
2340
66881
80909
24779
168225
44797
66955
6162
41597
40341
44815
55615
4234
3811
61787
96444
22409
80474
33989
26320
01936
6256
196955
16439
55546
6150516
608
60776
69020
15073
98368
29779
42406
37704
93352
92086
2620
36952
90202
37800
45
32065
15339
65701
24478
6965
10069221
73790
4163005
70132
49130
22890
273
2671
25129
35734
14795
24469
85942
86036
59351
4621837
45216
33743
54187
4612946
13057
55768
44591
1746
64121
30283
30372
77537
75538
10001510
34093
88072
32529
61767
6021441
4886
4107418
85824
87615
42866
6151317
74418
19038
4658
22698
55422
10100079
32038
18161
28743
40219
51164
92938
13358
58514
98989
6021395
17425
34526
34522
19474
56145
854030
87820
22109
6058431
10105110
004589
19089
60285
11267
4449
72833
66531
80659
82264
15920
44812
35567
27274
57527
6067
168115
20814
36941
6187168
60780
71727
61795
91176
67337
4251753
4893
69633
98348
52028
6021393
2251
43579
6021415
31452
6124
33733
71456
6219718
45472
31150
66121
170845
55000
38020
60497
63082
57565
35485
4584
6058358
98201
32573
97920
108681
4643601
6478
63149
192805
2891
76790
41671
33051
30174
87082
784
37312
87580
24531
57502
35936
70646
10102338
170887
56656
98287
3587
66535
31698
44224
58176
58827
6530
15312
1463
64645
30154
22697
31767
7468
3668
14860
3710
48205
57515
6117
42398
66547
3758
33122
48294
98252
30136
15456
96195
59901
77743
55303
3627
47852
90398
10990
44688
47408
6405727
10105229
2399
26474
23194
2234
51928
10101083
37283
2010
31088
14276
4120948
91231
71966
43661
4643702
191825
30208
97782
4643132
6874
6021383
61974
4331
4630321
50949
50931
32198
9624
80564
55426
88160
33386
56217
10039
17213
11209
170911
78301
10103484
3581
23104
20223
35015
20551
92220
10834
18663
48284
30078
30235
23448
87992
4643622
33908
29721
88517
3899
20877
95054
53821
57360
71722
56160
18675
37232
92256
48171
64969
163165
73116
67750
2289
58845
87578
44544
50926
75012
4905
4173817
51804
47332
4262
4947
54856
84202
65273
98289
787
88528
6187199
30193
2045110
57847
71576
853967
10103444
98136
34418
34594
39888
4612918
6021450
77331
165485
16770
67811
11846
86059
54205
4784
37114
72475
10099434
69123
44799
2130
33909
26312
88530
1846
74584
38918
95198
39767
67879
96144
6821
36994
10105013
90444
4175
6641
18946
10104927
6171
6356
6128
2322
71710
6073250
92257
98204
2994
65545
64132
4572
85759
74454
65633
87998
65817
30517
73771
30498
4643493
30288
12975
78333
14920
41753
70880
11293
87407
22984
56891
65109
4643706
21510
61408
44938
14674
4651886
197895
40239
16816
2637
31213
53988
003440
93604
6186
24151
49737
740
38706
65858
26697
4667292
65702
56579
44045
53482
31022
1052
1748
02135
59276
93607
3461
6021423
31258
52167
6073214
15498
95330
74158
92907
65463
100809
23986
4643632
50687
19916
6021437
2388
30647
4220205
6248
190267
31837
10103050
2663
21016
92358
80686
30262
24954
96485
30171
49856
35017
18792
3034
61185
21323
61183
2985
51262
54391
95342
30029
93560
47576
98374
47430
14301
32795
18944
004742
4612930
33293
821842
4133393
60900
10103038
4263
47713
44445
25440
23985
92219
902221
40902
3917
79682
15756
64449
65480
31038
85990
51645
10001507
86601
99240
57325
44843
53068
4612932
25768
44679
6021428
2028
10100450
55316
27999
10102953
15428
4231
20482
71468
51814
2401
10104641
32324
95745
6073205
190425
19082
27072
50898
31284
65096
6526
3761
6523
86301
58390
7864
47302
60912
51547
67368
167915
93529
53576
4156387
25733
40339
80229
3740
17426
19244
26561
68669
41748
52041
90981
14249
53981
99930
93551
93897
53545
6021425
71827
3242
30145
32828
38615
41978
4643441
15534
30385
50335
51695
98285
40328
47432
32235
4154181
91377
48091
93096
67955
87816
197905
3679
32018
42918
65082
100560
66429
57899
4124819
92259
743
78666
65474
13101
61193
88149
6468
10100892
95690
71452
64327
88954
80677
90611
72539
30118
4643680
15445
41665
12897
80305
25652
30293
4204587
11926
94718
91406
76952
196815
10104749
6054
191065
50441
27938
3185
67631
4612950
20247
3314
4080
4174723
47674
697
812
30034
87957
49362
15366
30586
34316
61409
2986
27037
73769
10100080
4496
6021417
4612931
10202
60933
12857
77413
10103042
42446
98218
6021369
30211
21210
32145
58118
4643610
43903
6058393
16447
190375
24842
10100006
11795
2199
25600
39790
170145
4643657
15275
41979
17979
68195
67037
3437
88164
38785
31067
51270
18352
167917
72766
72040
53301
32220
1988
71625
27321
95357
86056
71682
42608
167914
17349
47032
6058372
61403
55180
20178
4019
85718
2209
78935
84126
4621816
30127
30094
24869
6573
49757
62069
66635
52365
4575
37573
66785
33994
44657
92711
4631392
70412
11908
2996
55976
53393
48214
2324
104186
28251
14863
35735
4215966
57503
65426
22253
20394
4643546
9622
79434
51833
4621850
70455
3315
60594
35039
35033
98313
21364
6039433
4737
4113096
10101846
2291
30502
15350
30627
13370
30818
75722
92231
2920
42114
2584
24955
14559
61236
25032
67816
76923
46882
19435
18759
6119054
2507
99061
33294
99256
24248
66627
54937
13277
49585
4643639
4112773
38019
35365
87799
4770
44247
23103
20133
19858
4318
3498
87692
32896
48490
10100579
10001502
53466
32506
30032
61487
88151
61580
25613
168855
47501
94721
43687
17454
15101
4631386
95658
81540
30044
75895
39613
33175
16055
191936
802
55819
51715
10101780
34195
77422
90630
28598
737
41703
4621815
6191
54392
35188
64728
66930
18854
69882
99780
32246
4643683
19540
78256
60748
2889
4569
4617059
63093
49821
88496
100943
37494
6629
11342
47847
31206
48155
2123
69819
92746
31215
4548
17
71649
96459
25264
85834
55544
98102
11216
854049
2159
2954
16418
66787
80334
30342
27075
37609
78444
18791
64966
68488
21329
62042
99773
84118
69059
3612
51803
4621830
3112
51036
4643679
170888
6432
37597
18938
62677
30482
2549
56605
4497
164585
57587
50384
45449
24119
4643665
3029
51277
85455
61579
31223
004283
72540
69182
15111
98594
67356
28649
18677
30031
63672
6628
56594
4120947
32020
3749
55186
15744
52816
99774
20374
13784
004632
26145
37184
13613
47755
26326
95227
47992
47592
33863
10101459
19061
89187
38700
11295
193075
3966
6911
42455
94765
98602
41209
12939
10218
47431
75648
004285
71425
43443
30364
90370
18904
37563
66263
2445
16176
85461
87823
14279
77861
1941
68874
6360
10102504
24545
19072
61480
4576
24184
15440
24482
68877
90626
10068837
64408
34172
71850
57783
98385
33268
6021427
6021399
64018
3660
37191
6058376
30088
160125
32194
32180
17428
6079399
20800
71981
93587
34632
60525
33014
51284
11290
6541
98575
69779
01513
47315
17209
3396
31119
2542
89509
35620
3171
23860
34103
88165
87926
67322
69111
69755
38394
004511
38502
4894
3703
6303216
3574
71668
99455
10100113
98770
6392
64971
24488
26584
65156
32056
72759
4643633
92710
34004
13049
42074
191925
98129
97943
4142877
21816
5333
51957
27051
77538
4643635
92814
69118
66754
33426
45786
98286
6399200
18939
3030
197875
85544
3706
71494
30563
854012
22839
30837
53500
10909
57506
28660
16685
52261
90622
102663
18629
3738
22266
10077560
66161
50237
80436
49858
6118
96486
57575
15411
20844
65184
65575
79247
49972
4643629
25093
72176
18480
44671
73124
24161
4211
32530
54696
192855
4284
29304
87997
50905
25386
4204
3139
60387
2654
15091
98563
88287
44236
19723
4214
43720
6967
78449
10101063
2346
4182767
22913
3742
2905
19727
92094
10169
48183
30399
41767
87693
2731
36767
31063
2655
4646
2415
33762
197885
2997
4202476
61072
37243
24124
6005
2295
21366
61198
1753
23305
196935
004227
40638
5282
19802
38874
6187179
199916
84124
22673
49484
30255
89821
3846
54208
85168
99207
4117698
6058375
56630
33217
61506
49866
192375
3596
4643640
53384
30202
80540
92275
4278
32077
31447
42195
6249
14469
10170
93058
3873
71822
61930
11598
30530
95199
23154
83896
82438
45705
35565
169795
4960
2302
12748
4540866
38749
4740
65075
1
40387
4036
71182
20174
3843
21499
95219
46455
19159
35460
38881
3184
49492
16425
14879
43663
10103454
25231
105041
10201
44515
3544
48201
004799
4798
60479
85195
36268
64970
66307
53705
25110
34378
76676
75937
4107400
6182871
57926
37
41672
22249
10100931
26785
73696
65018
15575
45568
35790
13790
13068
98856
10101073
3204
17435
57851
52196
43711
6165
16443
14775
27047
91603
37340
35446
194235
4643641
67591
38959
3622
33123
4656
54811
170871
44308
54913
50525
33203
22500
12044
4612935
71987
2498
27478
103435
47715
41179
30375
88811
61813
23974
72647
3299
71620
53456
98369
98773
52920
120070
58008
37496
32184
80908
2681
32969
47544
22392
6039
88153
30229
40942
2138
3876
20807
98578
17599
6184
44361
71938
4839
69778
27
4625992
19948
160105
74515
40253
57518
72544
48683
41539
21418
6311
58177
85861
821462
31008
11089
61778
44294
2854
24721
2443
24060
94627
16597
69728
19446
85545
65539
10100107
6203
44479
79866
79729
4158
38010
80272
8777370201
190145
57505
35827
67503
48356
92081
11911
15540
2338
89824
73681
10105220
65830
47682
2569
30263
45917
6041
61184
53143
91405
30246
1126
14948
29042
168265
85983
48213
3045
18654
604551
51149
39795
4212151
24900
16451
95673
30016
60401
6013279
4612803
40238
33016
65004
48286
60290
6226797
4643686
44845
35132
89591
6119
72735
6875
66962
3856
66534
28990
65578
30462
6517
33031
12973
2577
004490
43853
49917
6433
15752
25412
32356
45246
2555
645
19077
33216
80279
6021379
98549
88781
54058
69964
36787
4643694
31840
4631422
40342
31072
10884
18166
69761
2424
24445
24794
49106
79789
6446
71183
40355
48981
29677
30371
6131
17011
30891
38974
25470
61980
824
168105
2548
3855
51280
6405668
56215
91969
196926
17562
25751
6010859
44611
65803
10100766
90203
3600
12539
57572
003503
62698
51450
14676
63811
10104257
6378
86450
28992
44756
54669
4612925
16981
2144
45455
35654
160605
30901
44848
10101437
23064
4153678
93055
65129
3708
88550
86123
95683
6303224
53294
4643612
2444
90605
50185
41770
6188123
4363
30568
62826
821432
50882
66155
77568
33376
3649
41327
3033
45411
37304
4643693
49548
15424
6695
40251
94345
90005
92690
57898
190257
50193
2337
31833
17818
37195
10103045
10154
26512
56626
22912
48487
61332
3479
4176
87408
63430
51278
79756
12749
87006
63058
4643479
30132
60502
17443
30043
29166
3358
28884
27322
24497
35928
71497
30141
95744
3579
98224
13884
78447
2293
72606
6084
11327
4598
61984
10102114
54384
28326
74815
49316
29110
68678
194175
25753
93059
44808
18746
66857
88489
32017
6230
68174
17620
15361
4597
98774
10101436
53535
88157
92589
4779
67544
2903
32214
2676
44847
19566
94719
13617
27046
191485
62882
63092
30115
64950
16148
10092286
32352
12949
67244
30304
80273
31170
2325
59228
10073628
3321
32606
77398
3480
55436
90608
39387
27263
6003
61197
59443
54067
87616
61808
24010
81522
33029
75535
22869
46209
190096
34125
31615
60641
79850
11100
67509
70601
6883
89514
30460
92847
18977
87084
41615
11340
50689
40001
56784
86478
13066
44292
10101078
44669
50903
27928
25405
71501
43373
84567
28759
59492
60423
32531
41889
58513
3035
10105305
53452
53660
15793
71493
11289
4842
6040
57845
65624
48616
30251
35935
38702
104188
64321
4621844
2009641
41865
678
41752
15532
1667
52193
26911
3736
44529
6021416
3572
58088
17642
45289
18896
13792
191996
66423
30259
99221
10087139
3936
4130630
4612919
11145
4221554
19866
30844
4621835
20983
71463
46033
48794
56902
37762
30382
80015
79705
71466
31314
3009
85454
64977
33008
98876
51801
46084
32558
98114
6418282
74698
65140
47451
45274
11287
1686
13547
0902
46423
13499
34738
6021390
43722
4128015
66259
6910
6128690
71311
30593
24492
88670
18913
003561
11335
16419
4347
21459
29306
71721
4644165
91988
93217
38871
47554
30603
47540
57861
49241
85773
64301
42397
2590
41669
10102495
168305
169605
55827
6073290
60700
15
54070
66828
44865
49570
2524
52814
67797
44700
13065
18803
53532
55817
42600
43718
969
9767
24782
10102950
68300
77108
4131
27953
38536
3131
86465
79304
35578
66913
6058385
27145
66956
54772
66855
76959
18588
51813
38761
50443
35818
71404
170870
2907
19151
14682
4264
38800
32200
5002136
10104185
14502
34773
2517
44874
6201
77827
6021411
39642
72753
89398
11214
170886
4630314
37575
95099
72643
33548
31177
44350
6047512
004588
51557
30912
30172
32003
4626
87971
37823
33178
77415
91526
3935
25505
25514
34625
165385
56908
6974
23282
21310
33910
13052
60930
4221
60169
41413
15458
18987
48170
900093
44883
78132
69565
24132
4621855
32358
98132
15755
50254
197925
40918
66265
19489
30933
6934
3387
67814
48029
6187162
71499
75902
57994
37594
53573
10883
10078254
65179
61764
57855
47423
2486
16696
26064
47993
190243
40066
30181
81346
2387
23922
1375
42589
803
191945
50911
49699
12890
2741
64892
50117
34457
24546
2210
99844
503
32165
63719
25774
1570
92438
10099435
4125890
23786
2413
30120
692
26996
53320
67695
4498
62808
89146
250
103931
76768
5763
62359
52771
92952
3136
30144
30562
99367
4191767
61274
24087
67355
44709
61801
64394
41681
35947
85800
44942
31791
39108
30095
2457
73549
29601
168205
61547
32905
2696
195845
95832
73071
30841
55532
6011773
65486
77817
96204
30365
80683
92582
10247
30838
003434
10077544
3850
28821
3404
2904
35809
48345
31921
71530
85355
48343
51786
98115
87610
15446
30341
89801
79996
66237
48208
6233
87796
51636
65699
65092
32057
78945
26337
3226
80286
54270
49885
004847
93789
10977
32039
4159
72376
4120940
4245319
51288
96192
13583
2438
26854
53941
22524
25550
6042
19476
69264
103385
30535
2040
43045
87662
72574
4082
23212
49311
24727
39881
29114
3024
27149
1744
13616
4534
54262
48485
2817
50745
54175
44225
2140
80519
35709
10103458
82139
10104441
67375
20243
61975
25533
4613788
87845
35477
4132168
10100941
15340
38616
54177
52065
51409
4617229
50919
6058353
50373
65202
6115096
10077587
50956
85205
73327
79006
4563
2441
67697
55236
87087
61979
6187175
85546
6021442
65422
19666
33577
66897
99244
103821
18738
36796
49144
2449
32360
821421
16511
54095
64324
21268
69261
4467
42388
24201
62021
47758
32574
92944
77570
3565
20953
96263
43363
18909
51697
15607
43086
3389
37566
53585
18034
2016
48172
57562
10314
6595
45982
52526
51275
37316
4547215
29139
79393
32000
27940
91662
55027
62791
18912
6088
50907
18653
46243
80179
37803
93969
29249
31657
89679
44126
20471
18972
35927
722
32176
60901
2687
4096
58069
42001
22886
16264
20595
26895
71783
3961
14618
41288
94090
18202
6395
65693
4621822
39754
48245
92893
79303
44352
2188
4643717
170311
4185
6013273
63094
2495
54806
827
169785
56393
41670
48617
30699
10104926
95828
33279
16629
32219
32007
92083
84565
28420
47312
4871
70496
42083
60208
60503
3251
6399199
98771
46160
99498
33280
87618
23969
72739
68068
10164
60674
84562
34009
66428
3939
24108
4163003
54272
60923
6021409
35964
72965
3307
2764
2672
2391
88526
53896
30380
820783
6352
25269
2446
10979
54097
53549
11843
10101466
85940
16681
10102754
55545
40240
53579
4623
30046
21705
164365
33519
32294
44695
31074
51858
60934
10716
27925
94346
39796
74502
55073
744
66426
3224
58843
89862
47529
42452
10102956
38781
99356
2821
38603
820674
33050
4286
4100204
27965
13793
190245
53142
4643481
1970
24586
54802
71578
35603
21941
3813
1372
77986
88001
4787
50500
0901
60751
3731
3006
97811
15104
210
13612
103670
15070
14633
4745
40396
71469
16380
76909
15459
32528
85558
22889
44032
42941
4630067
57547
96907
45458
66647
3384
90109
65218
837
64782
86696
14260
53540
85976
41529
26077
78451
11092
40469
98592
85974
24758
59107
45285
34453
41535
61582
41668
55824
21787
91970
80731
4643620
44511
83342
4199274
2375
47522
67961
48394
4841
65066
1410
64299
22172
14839
15442
49294
61191
89812
60926
38790
50909
43693
4154180
21326
6636
51904
80336
4128422
54166
27063
35847
4669
3968
85769
47973
25059
10916
51574
3031
6021394
42450
73230
74996
53531
21841
65068
30340
94725
4116489
93277
46626
3042
2133
196925
88158
26016
46206
2459
72372
16136
32565
47116
24307
77360
47978
4182739
30168
87081
42387
65781
44852
26560
6021387
71313
24668
6265
62281
21996
4161
56408
3043
67354
70683
4782
54889
65217
93705
50304
47844
6995
24189
30062
30338
71403
47457
6146525
63291
45522
37784
55300
45425
2713
45857
69155
004205
753
56709
168295
67688
15784
39766
85606
10101783
57853
6303227
18962
01571
30561
3037
46453
46618
96483
87828
89819
52025
64179
4120941
39595
31368
80660
50923
2612
10105705
2456
10100102
87797
22094
6212
80543
89159
16043
57796
51283
69958
5005238
10100688
4643103
87751
6116050
6019
60524
30923
15443
16444
19014
195835
12104
51985
25239
10102086
35185
89649
72996
75522
23955
98565
72646
41360
10100639
52799
40384
38021
93590
6788
60424
63954
48346
73983
98191
10101172
68152
87989
85956
95347
36762
86805
75512
44509
55823
47314
30373
4587
53577
11170
4617232
75675
3667
58840
57849
72703
30079
66906
24724
67813
65826
87838
70610
52979
27944
58004
3705
57103
31167
2104
28466
53798
41612
3317
6087
6939
20808
78235
4612924
99010
69213
45443
33035
2433
85653
50428
57272
25166
31441
22670
4204590
22157
75542
87574
49153
79998
31164
711
10098711
26904
38389
95401
4643496
2902
23376
4617231
79750
59130
50860
44884
65017
45573
47528
4215978
32186
867
3788
67491
46304
11253
71137
87611
22183
29096
88531
4643
38017
10907
40951
424
19618
26604
93550
6086
35848
4912
73878
21560
15706
40244
26038
83460
72763
10100070
43559
163115
50116
15619
35130
72326
53582
19212
10100940
36662
67362
6182872
30000
98722
18789
86501
18852
89826
13786
93092
59127
46834
6467
53564
54862
4106919
13619
45783
35443
18853
43710
99430
85835
87790
92790
93599
63059
64796
4859
6309
6644
10104791
81287
1601
912
31134
70278
40220
48225
6128705
6187182
3838
33066
2746
65559
11269
6251
4904
90346
96488
768
11691
4550
6078153
66284
29307
1974
55828
24116
45407
962
37996
98262
33173
38837
27254
50726
94259
46280
6975
94905
3834
87777
80563
61484
33326
88542
11288
66281
95676
87993
3436
11085
99406
94162
95542
31023
53454
3595
44536
15108
62679
32249
13760
004228
10191
52029
97785
13029
4621839
75674
22483
87552
51482
17782
8889
3709
44570
15683
17272
2149
52062
48267
28824
48003
62976
78229
169656
65859
85756
6154
6187171
87140
6021462
89504
19775
1745
56628
30368
39326
4163021
3675
71624
53012
78252
4643656
58846
33081
2393
6021463
59135
53397
98376
35633
35328
15427
66611
41162
23421
57520
93229
73037
20612
65116
44034
66961
35366
66830
1997
97781
77530
6058387
3651
98582
53400
34474
65626
32280
56245
49098
61802
19615
73507
16421
32008
65581
13051
56708
93353
72995
80390
73398
38830
11344
56153
191815
6058363
30842
79194
35646
272
821843
16448
99407
32146
4189983
6058386
75355
51558
168865
65617
10100073
47984
23034
92254
10102965
86599
19480
86500
53658
46189
41677
6294
75974
18051
93591
78009
51462
72826
32620
50462
78594
87577
44718
3560
4199272
68591
170900
85450
93668
10312
62697
23851
30296
60607
98133
199014
01506
004630
38018
32083
72952
24122
39590
86015
77808
89681
10105341
43358
34993
004158
49612
48174
28907
1592
31117
4643650
6021420
10103052
45803
41883
28222
2906
55087
24085
194386
46667
75562
852
57526
4133076
502
10100004
168315
35182
10104430
95348
39789
43848
64227
72649
48336
13384
40379
4946
50955
630
69901
3886
50920
6969
45870
26140
87606
10101464
71574
88292
79757
6021434
6115093
6219715
41880
25861
34816
44757
22988
64954
4643719
4107420
3028
24872
26832
64772
18936
24384
87847
85863
10581
45799
49542
66886
2354
3400
26843
54169
95463
45457
87837
10106222
16026
6021400
82252
42716
6028
26831
29141
6021373
78886
6058411
20433
35701
10101077
4643715
45517
19242
11203
3900
57546
45275
4510
6195
2000080
6107
11947
79688
93273
53415
94902
44810
20853
18649
4330
191875
63776
31464
31624
53351
10101351
99009
17635
20043
4643687
27150
41765
54707
10100472
37178
57860
2544
35014
31065
93285
32999
6021404
36967
50289
60476
47328
95691
88295
56424
90623
98269
14251
33089
15875
39893
32078
2450
6021451
6023
2419
190085
47990
71989
71593
76925
92204
47335
26095
57557
3624
84205
61182
64713
71500
53584
72644
71800
30339
18031
77183
6150518
170910
18502
90612
4670
42609
82282
102279
60752
32560
28616
48165
87798
2376
6190060
3191
14793
36806
98263
838
96481
28740
53575
5102
57529
70022
35049
003437
54214
13355
62664
65627
53401
43658
2586
6410
30930
70676
32085
86414
4095
47981
4023
14247
10101059
17714
76915
13069
26041
80032
64567
18859
40490
19277
7010
29112
47376
57856
24760
37165
22961
2621
3634
54215
31230
19091
11437
24752
117282
37775
6431
6267
68577
890
4523
48020
65305
6477
2212
6020982
2306
6189
11343
10258
10100427
13530
42666
17638
57922
10100768
38159
62361
72825
28802
35018
93060
15403
41218
170882
24118
14515
4757
15392
4867
13070
6200
67649
4222
61168
53561
92947
195375
25976
191245
3832
79417
30083
56746
47336
18788
30300
13525
41267
2389
18018
13533
29877
30383
2723
30381
21875
71623
3038
32602
77294
6476
10646
25131
43121
4643540
63857
67025
3676
14826
6587
88519
65753
2356
67446
4690
40644
820675
30504
10100690
21427
30899
87077
17427
78230
99781
64683
22979
16857
96491
26019
32062
3193
27070
2314
71825
64323
39885
32353
809
4041
85969
28900
30126
47415
15395
6021431
10068856
26066
6412
28778
604549
62201
2593
87687
60662
48615
12053
54860
815
32803
98283
51385
71820
37235
3238
95685
41766
2649
4892
1083
44481
10077536
2491
52198
20480
89505
54086
3842
89511
32532
79103
30189
10100009
18646
32197
54080
4216437
31324
3487
31836
36113
10104102
68888
62810
4304
6081
79811
64330
11345
44791
32291
4324
11097
89953
89617
21765
44763
87058
72552
13341
59362
10100007
4643697
194395
3386
30100
16429
10077546
73213
164806
2470
93645
31313
4045
13077
22566
1377
62812
93552
4042
25549
48411
4208
101600
20221
3201
49829
44936
88663
11280
28524
71937
67687
18671
6013294
004284
33492
30520
10104783
64953
10103485
22919
42248
26955
33291
15516
20996
10104898
30620
49141
97600
68872
71829
3027
12752
48303
4488
89668
10904
30518
21533
99380
63292
1093
87694
89648
60603
53403
57337
12758
004233
822070
19548
2230
80492
35832
92644
80178
72601
66268
31101
2919
67929
10107525
54271
11058
30131
40329
88167
4631390
57881
194305
66899
77932
196625
61873
4515
781
71631
14137
6035
4643646
85348
4433
87844
29541
4643495
96826
44732
4643636
41881
60897
57999
6219694
36060
41894
4221678
10103445
62333
4120944
10069000
23241
51706
30192
41117
6013287
59275
99206
60928
65043
25972
98190
77399
71402
33209
46452
15107
18729
45763
24181
30493
52059
90344
47390
10100307
14306
16497
68765
89352
11256
49097
52779
36036
4858
22317
98341
80095
90650
71973
88163
35841
4643714
21229
66252
192885
35106
84121
30157
2619
68590
13611
24890
71866
4182736
27359
88514
3067
11286
4188023
87587
42447
71544
45475
64712
53379
163184
44813
92263
98238
4542
87544
87654
19888
29120
37111
18592
19482
2648
80230
2043
60924
2
64648
72553
58079
46169
69946
35894
10100445
61747
90347
18943
29636
48212
15391
54397
32535
77288
76914
4529
44198
1521
35831
10100760
6058383
6122
58247
53657
71528
78448
28192
98596
87809
6021426
4261
4126730
54530
81294
170875
10104745
10065
6112153
21331
52382
51796
79768
60596
38597
47509
72765
53570
49175
1646
46242
30721
6151273
4130910
44484
47319
80475
54120
39802
6904
90396
65489
22017
4107419
46103
16441
69117
34100
29635
67968
44033
4204554
53992
14094
2502
87802
10839
33464
28204
34440
17346
4577
44900
3853
77891
165395
57555
2694
10063
73832
30163
33036
10103441
66555
71461
44359
27266
6187
35787
72045
25491
2998
11279
004587
38870
44331
50623
23800
55342
51285
11091
6150504
16989
4643613
767
68013
6015
93595
67241
68516
196695
32168
47263
45463
2625
13031
92865
89918
12886
30190
6879
10102739
60527
10101052
28341
93677
16387
11107
31228
33088
71772
2525
92009
15080
54090
2712
48202
4617053
39564
52276
69900
40466
30037
10100780
67144
93579
6187184
54128
67245
79278
50921
44360
64300
671
72760
27328
6091
27329
6250
31282
10100777
6027
6056
4857
13270
169575
27147
35087
4812
35937
30377
14309
10103753
63217
32476
68061
2483
34987
4128060
31001
47122
6058384
13535
161885
367
2421
23798
33005
68998
2757
98772
77533
43895
40629
10101310
72738
584
13841
2678
46277
1569
10101050
30556
47313
21709
2656
40217
86487
10061
3264
6123
22452
87559
30369
168864
73352
88162
71586
4173447
3898
15533
54100
17768
32551
19090
77765
11211
39626
73763
92222
64262
64948
14262
51686
6021414
29154
5002941
87613
63674
004627
89817
30401
92539
99563
3585
86761
2009656
17797
11303
36425
71082
14391
87841
66304
50950
64291
194225
41682
32607
14
10102247
52022
2514
64980
32496
18720
4117697
80567
21478
6021449
30020
47681
2403
35691
47095
60400
77822
89823
94323
23294
2790
33176
30258
45486
88000
10635
21231
89523
41100
57888
78153
22512
64955
24527
93609
19062
71552
46208
69524
19842
50188
4120943
26007
6428
20582
90258
89416
30200
17010
821445
84880
35114
93247
62724
10077559
38681
11929
6037281
89520
18970
55296
47318
6556
10101075
4643705
34529
190155
23405
6394
62241
3934
4643707
24514
26310
98288
194295
3161
86177
168165
16701
59178
23229
22385
4822
17265
84120
61252
53029
85674
4621817
31137
30169
4131324
53300
34173
4216816
20597
57858
21980
24217
98192
35008
10101605
6370968
84640
47458
73556
299
66229
32348
62406
539
10100154
32559
80566
2512
87805
41102
3066
10102526
6940
65510
86035
30635
3849
38739
52918
8760
54869
65094
85779
29959
80337
6919
54308
72377
52919
82236
37595
2585
6461
16205
54035
63428
6206
19303
10102945
20137
31153
14143
33552
51595
37580
19572
51702
59624
86124
30775
2631
4048
3002
40620
61814
2475
25423
79418
65128
31007
843
35183
19477
88284
38968
50820
30358
10102944
31461
3916
4336
57482
10087156
90508
26032
47398
30228
49494
90195
22394
31816
50408
3563
196245
71084
50113
50114
18479
55543
4168410
004486
85761
12892
37804
69127
13608
26034
32527
45217
13461
11602
4128421
53914
86208
30528
67851
997251
69857
25234
77999
70313
41654
3641
21269
53550
4133395
51155
14218
004613
87080
42041
27255
40637
11273
10101079
604615
61968
6021460
92235
4747
13576
10494
54116
162323
55889
6303220
2984
4621838
2447
2791
60896
4490
11305
13695
6565
43871
6021408
84563
65249
33982
10101457
6021438
31299
195075
6021468
79601
5630
2572
71689
601
22672
18999
191915
3007
54273
85038
57857
39369
34723
77417
104702
72204
25481
61345
3188
42391
24746
709
30332
30663
604614
32306
19729
50858
98560
16453
42924
14210
64308
92209
6070
36109
3684
6007
66727
17660
45405
16050
62699
55984
47753
61680
47397
11957
41637
80166
3003
23422
4643609
4621810
88286
2573
64711
74997
92088
32911
1373
34620
87785
10661
41970
98381
98375
30191
98581
15349
15705
11438
10077547
6672
85078
6943
37776
251
99218
33843
10124
47404
62711
4942
24528
99050
3625
51812
18844
30566
53067
23948
72547
4323
30041
61482
69933
59363
820673
168185
46371
42042
80681
15626
821
46159
47976
42343
20176
68388
52812
32137
11255
31071
69265
60471
32296
33397
87814
31799
69636
75872
4790
21618
44538
55548
2479
23051
65414
10100778
30496
73568
43664
10103446
57895
4643541
51802
190165
4643670
30273
87848
004741
67113
32140
10103037
43896
97077
84682
10102368
2630
4621849
2695
26316
13252
31371
35635
59404
98139
19951
10102479
6133
30803
53788
64455
13615
58391
3192
33022
20908
18165
40467
2881
2623
51342
10101438
19609
98281
47333
6073185
4612696
90607
17178
4643607
66829
41897
66430
30042
772
44878
44592
15466
194396
3941
11002
15535
25694
14181
6182873
4128423
6190063
4664
2488
71294
27383
3166
10100075
53298
31303
53390
55762
32533
84433
4911
4643690
99254
30823
52228
71100
92092
45493
2626
46002
26022
98726
4631416
51011
95786
6021378
47401
47306
68867
46617
83895
3462
54821
14812
85460
10101053
42090
72802
95354
99432
76910
10538
52045
39924
6021458
93891
6161
4843
30158
6021377
3379
29988
96904
6037264
35042
4107415
6511
6370966
92210
6111
4913
96988
74864
47463
92584
4516302
59807
17604
51219
60806
34525
4612933
44526
4530
4743
63869
6992
11096
91142
32474
38798
25161
10001509
6021452
10016414
10101665
3023
92693
24375
53077
87808
2339
6013291
95228
10482
51639
42689
32125
24246
23742
10101280
6582
32192
93149
4643658
69662
10101866
87321
17717
22616
66967
31000
50192
2661
33213
6083
22316
3937
18454
67022
264
50305
65430
4643616
32557
15112
24078
2390
24446
30355
28327
190225
25706
21217
67139
4621867
64396
44505
41805
4195292
15066
79786
10102069
26486
92013
48169
4643638
49242
4503
65267
53543
4643664
10102362
41530
6510
93274
37352
30640
65727
50430
1413
32225
89678
70931
10103456
64251
4643704
94347
902097
4668
10101533
10100582
20816
24755
86297
1643
6057
194055
96456
50627
30074
6219717
13549
50602
84192
35887
6880
87250
19049
4643543
10105174
10781
6655
54091
18986
3130
94682
52887
4643701
52922
10101460
14720
3567
4643695
41811
26079
11833
75541
57504
24787
61583
52494
54074
36800
4872
4621848
4698
44861
6259
43444
30910
6584
4643618
721
6353
85961
90634
88290
65875
31165
16434
68387
30240
77257
31069
2852
4117699
12825
2536
46309
39144
61678
89813
47316
49193
71492
4237
44136
18895
93070
4376
69714
196235
22388
70346
54471
98100
90201
67329
41948
6799
77535
32494
30150
53544
17114
71821
30386
69911
2397
15353
49577
24670
93787
67801
96207
90641
27448
44353
87696
45124
32021
19141
1685
58120
31207
92906
47459
97489
49568
30613
104814
84561
44483
87086
94258
30137
3004
103916
6156
27414
98566
2551
87979
10104437
10104633
30414
78932
89829
69369
68157
54671
35966
79897
13745
64800
66303
10104933
24673
64399
6215
52257
4506
24144
97302
47846
32278
82562
37402
95270
4171
42484
18721
88668
2908
43751
15345
194595
75536
4631396
22318
26871
4621821
164325
10001478
71448
44300
99433
4730
32204
1749
58086
17603
0904
35225
88930
10100087
27168
4519
64225
11338
39611
30632
16420
3144
6004472
2562
60808
2918
10104735
6944
2432
76244
63316
18041
190295
98577
3894
43660
80130
196825
3829
10103030
23991
72725
75732
27396
92234
65183
75862
39793
36513
16863
22959
68153
28621
92909
65177
72143
31135
73767
6187197
828
821437
66931
192835
65521
190095
01832
42035
20455
13779
004798
27018
32023
44519
96191
96614
68212
6504
6058389
86906
10104052
42687
4057
6021430
20232
24902
6527
6668
6232
4117693
4315
77532
65384
47472
33487
3456
71059
30395
6020986
6205
50191
59181
72830
10098858
20512
4170
44816
45399
64807
62507
73527
99301
11127
98236
87944
31321
41661
4596
13561
004302
6021381
80222
90190
44478
170902
79576
15367
60918
78329
15571
45467
78169
32203
2448
35586
3647
6251909
40642
77261
47406
15413
30177
4828
54657
94261
10077931
4475
44796
66300
3488
2471
47538
90462
67196
4643661
88066
55767
10104050
71708
96717
19084
56409
49743
2570
94597
32073
30114
30117
15211
16391
2428
10101084
30285
4617054
76755
10103762
87511
190380
16039
50624
30391
85547
23199
11900
101636
71771
80487
93219
51689
54706
6058373
59133
73764
93955
100426
87344
40682
4643625
46204
27257
68303
4631418
6549
75904
4643644
37407
45403
28567
2222
168095
4163004
26045
3847
6579
4643477
10102290
2518
42389
18907
10087371
190595
33078
47448
2047
56093
44143
33087
30642
44503
785
65114
18234
51379
50855
6021444
65098
2890
45950
40651
2429
80163
98338
80124
166285
42545
92453
38011
20173
85080
10928
61287
87995
28895
30956
37681
98574
74847
77757
10001119
2371
821375
63871
12884
92579
821408
79491
6039462
190705
6546
3795
32201
16442
90352
4612922
92225
35299
39041
85456
3959
61982
18449
4533
13053
22247
79793
821430
71603
4133408
74093
33192
4644159
1612
95350
43889
69942
63061
64768
6021445
17792
24204
32305
18927
54246
22667
30167
33082
50946
71823
2431
30084
38578
69729
44841
3240
164525
103913
64448
54131
72465
32525
13251
33393
57995
47533
93252
67363
2208
8891
169625
47988
98460
55304
52985
85345
19946
86879
21415
89440
12651
76912
20235
6906
53316
77287
19106
54403
4070
2041
58576
44364
33183
197345
95827
3958
32448
35110
6631
77259
26597
4617061
30322
47074
2541
3743
29111
66264
47073
19438
901957
41667
13045
14721
87788
53587
2892
35849
34390
88646
31964
50912
10051
20199
6127
18920
10100764
86996
32555
59521
22920
50665
35826
87697
4891
6058378
10101071
6058369
821407
3844
83970
16153
62387
72981
30621
4485
89651
733
33270
73540
35136
30648
40639
30461
18395
6592
61069
71575
74998
80284
32307
47299
64700
4309
72951
198326
79100
004229
6514
85760
3021
3562
98567
85580
67067
93589
26048
10101076
2866
32860
71405
93160
3739
24476
4643104
49486
6090093
65380
26603
1755
4113097
4612926
49147
80394
40711
25426
13575
5000036
21301
25379
24634
96484
13567
50948
53318
10102070
699
30806
53586
59531
35939
98822
44135
75724
30175
74957
27165
10068838
71641
30362
14427
3535
168145
23925
47853
2989
15530
20474
30814
15496
2477
80096
11854
29164
4586
95053
55806
19934
3933
93231
84193
86058
6187201
53912
16412
50407
6576
15461
16478
199602
4621846
89143
32072
49649
93557
37328
196945
15100
4736
71965
93106
42386
4120946
29674
6150517
79767
71615
96482
35464
6882
4643726
4346
66216
4643685
55982
32210
100730
11270
25551
6021440
41680
10102072
6016
169765
2046
4448
39739
65827
66559
79007
36011
18822
457
30370
78481
4600
4101599
2582
97787
43712
73682
6021371
4182214
40116
63966
53571
66833
68053
55825
4643611
42938
24180
50704
64275
67366
821422
13768
42098
3835
70592
165335
73768
87780
2301
15343
94925
19485
79896
4203
4643623
8890
98020
18908
30212
77567
4643721
66474
86652
79111
15580
98606
76913
48298
104682
42405
19730
3065
15450
64972
79974
19050
4378
6108
4665
33496
53580
67832
4631411
77289
24316
2730
4654
6021448
75721
12602
735
30218
61483
19472
60849
38593
49618
33080
30119
2983
4334
29773
3707
30770
63057
6471
10052
10286
72543
26047
1881
56492
3504
33243
44477
55007
65200
68520
86425
73241
10100343
96874
2877
11836
87421
89142
50241
41239
69388
91501
163175
19246
54695
77359
30636
92338
20477
92851
6073204
600
77295
26269
27372
4631394
164635
59966
86428
30815
87969
25703
24607
88432
88694
12885
36010
33984
47327
10069879
6073194
4328
6172
24280
25893
22965
3298
6902
21414
11920
79577
4088
804
22646
42061
14211
62250
37080
49668
4630317
820
10100008
32001
63783
20696
88168
25061
61852
31301
85458
570
33072
3241
45400
29303
31061
26271
94720
18816
13532
10104728
45146
58520
47303
96714
2540
90615
20388
68035
71793
4643538
68992
4643438
43744
65112
2400
56903
61769
30161
103747
69366
10100296
54170
728
92595
6148
48243
98889
18897
6073299
48824
6021397
61627
64328
19272
70682
20385
69912
80514
57906
88146
69695
71314
190265
38353
604550
15469
3754
90639
73785
2395
92262
30014
45453
6021
646
26758
6197321
6058394
22881
19881
49796
3997
3361
11477
17600
77095
48173
47689
11260
14145
44849
20215
13075
6046930
67877
51674
65760
42036
92761
99056
54390
23990
50918
27056
36548
50202
10102942
53126
4793
72418
2489
57560
24542
85452
62675
6187193
24088
44771
30617
60176
72538
56711
31331
14874
18277
30072
3074
6190
73825
6021436
71076
10001892
19577
72573
64390
10102278
6037284
10888
6578
88529
36273
65580
10172
45301
73101
45276
33983
98215
64292
59814
54470
21539
59
60601
36470
47264
4143446
6427871
48446
45406
23005
44542
33383
4130
66757
104504
95687
57910
54472
20608
62621
65146
71413
2155
556
6058370
30881
64257
53491
21956
21503
51670
170872
35199
49473
11460
50581
49557
4445
6021419
61770
51261
37703
20676
24054
10049
55305
33007
30093
6941
01938
86384
3233
75580
33188
22239
51640
6462
2357
4643537
22401
191975
13562
65768
30526
2782
87824
3652
21508
87943
58017
46161
96480
86116
44255
88671
58090
10534
10102952
4143421
41657
31111
31351
14131
12057
76764
85451
46454
25195
196675
1624
43892
4100418
74139
32207
4876
98878
98302
32524
30645
42947
42210
10101458
79201
35364
4643615
609
6150523
2651
4173816
35945
57556
87619
92005
62012
2952
2627
46490
12895
6155054
57779
64781
11098
43888
72110
37805
10104434
96148
23930
19247
4885
30505
79389
15068
24512
104684
97790
4220
004159
26601
42094
49151
20252
33210
60474
45785
30624
10101069
58681
15727
30113
15207
47688
87708
170908
11907
6260
51585
30022
816
91049
20804
79766
93672
35189
03497
52923
40233
64123
77362
13249
15564
32554
47843
6414
13600
47512
33330
11212
28387
74587
33057
87745
46524
15627
80226
71527
86089
78794
93168
25516
98590
4166
10100101
6303218
60694
34475
6058390
6190056
77844
44031
29724
15675
4117691
45601
4207
48000
47471
63495
27259
42392
4110165
50427
24491
1580
10102755
51377
21537
35895
820000
33988
36772
20313
61625
21424
10102788
98721
99227
49108
41821
10104523
44807
38806
10068839
45410
47507
45677
80045
3757
10100100
61073
37495
78688
87817
52275
63864
36664
2374
2638
2832
71939
32567
21053
15210
4963
4695
49555
160285
89195
53800
25511
38014
194145
6073197
004751
62386
36019
22648
29633
6581
70693
6021453
4595
4741
16541
64949
2636
47851
85651
6082
92223
4808
65829
17719
4612928
6021432
98383
3186
58009
87617
10106634
16474
24417
93580
48042
20473
98729
6002
99253
54401
4216
104683
64799
49830
4643626
821472
79851
38340
87750
4895
2594
16472
72605
30036
164557
4132571
98397
48287
54675
4733
65111
67172
24121
88068
48203
2588
4643681
10193
2003
79895
42038
30896
23759
72124
15396
10101056
3755
6408
87614
41604
0903
76766
191995
26984
30637
30048
31222
52501
64296
51643
190815
50994
13952
4621845
71785
20596
4196
48141
6376
26674
3956
51797
11275
167916
51807
65700
66306
21518
87695
14186
13056
6377
77286
6553
22917
60749
53451
2335
4844
50906
98580
90322
92583
32126
86451
36526
10100763
78522
92258
2622
41764
65482
29040
2545
198327
41895
2780
15501
3005
50015
67075
71459
63585
24324
49275
19949
33387
42604
6399196
10103438
15086
93087
2462
61675
4657
67380
46456
80545
75867
6150502
19554
2157
604548
89158
168055
41749
51268
57002
50334
105416
4120942
69648
30213
4562
47543
44758
30155
679
16450
53563
45215
10102771
6021392
50899
18590
26889
4168
47548
61510
98233
60141
52036
30222
22393
18814
26021
98371
4537
67361
93592
13079
20074
33215
4531
51805
85164
10103486
98571
15209
55629
60913
14923
10100580
20312
604552
6643
11210
88963
66349
6073209
54207
10104438
30925
28705
90840
6296
4643648
30219
37248
3822
47994
48419
169685
40390
43822
2819
17003
63868
67969
102665
12687
52800
6187164
6021398
4079
52040
58381
54042
19138
1082
11949
199027
35574
65630
31221
87839
195465
29452
13415
2950
69963
79106
15499
53389
42448
4643673
22395
49538
52027
21370
59190
6093
3998
17210
57929
42409
11950
75539
54094
36842
40522
4914
54043
2927
17790
41266
79272
2554
13538
78798
29583
303
87160
44461
79736
11187
4092
45667
11252
49143
65186
1127
47460
2815
29008
4621811
64264
45711
25279
80440
6058415
86444
65483
2645
30907
88159
46342
58005
54771
57525
49309
15625
21921
169705
60623
32571
30236
33325
32247
74416
24187
19074
93163
45466
2048
41328
10100077
56897
160715
67537
27053
16877
41651
68196
14519
47317
24792
89992
48614
46334
67138
24326
8777370163
6091464
60656
6440
18959
53990
66560
68327
35960
79846
1962
2320
3481
14869
6073191
57051
32019
36775
60747
79712
27325
2874
29227
15254
18481
71635
10084111
48724
6026
34561
57570
31021
5242
92593
66790
52072
30148
6021421
91741
4097
64682
80685
55306
59621
2951
4071
13880
98366
95984
1579
6073206
46332
32124
37320
3020
13586
30434
43887
18436
80029
57563
85841
51350
3887
66793
73538
2187
6037
71921
55969
28991
38783
31260
4621832
36649
62113
14360
49111
4589
16820
56410
71846
4228
6058371
40385
10103457
37157
32269
72132
606
5004930
6247
88141
811
93845
22484
6021461
806
6434
30047
30604
19248
87686
6073199
48074
42088
1761
30248
2460
32166
95829
6020985
820785
46283
43093
6073251
23058
422
53406
102193
25086
4612949
31195
43615
47683
4201
43936
41334
4631388
71496
93216
77845
6789
4742
18990
77528
40581
2458
2857
1567
4447
32653
6796
48041
190227
45951
6073211
92591
4100336
32132
16445
40468
32354
2496
14520
19034
14518
13288
17264
32230
24588
25528
63214
65538
51725
60621
51269
58512
79385
57893
2201
44310
39444
4549
21789
4863
31794
11297
22387
26885
26952
70922
3216
18450
6073215
2928
11055
54503
89156
17606
27248
71632
17575
94344
6521
29109
2026
50115
4612927
79101
51066
64311
88704
20309
42003
6182869
53460
13618
66536
56142
46207
15712
52169
68131
65590
97557
21529
10190
77184
90534
57544
5002145
51811
22614
6089
96171
4643624
34388
44595
92410
60116
10103055
6073212
35458
655
4107414
73624
6325698
67374
74982
17208
85941
85962
6182865
77374
4215967
58230
52388
003429
1535
10104307
4729
15682
52005
34984
32785
42030
101662
80326
16499
2566
3206
30108
72829
71920
4814
67810
92288
97956
76138
95654
23033
21037
74528
62701
85766
91144
93846
43721
60115
31225
77107
80484
42060
53675
30622
41325
77309
75
26497
64391
20318
42013
10001926
35457
66301
41733
79741
32177
6046
51260
77542
80542
51154
65992
10101062
59623
90640
97442
54859
68385
4429
48647
32209
85217
31818
22656
72755
71595
45749
15576
84599
34104
10077406
46665
95692
10102084
64991
48980
53136
28738
30160
78801
47334
30238
70962
2601
31625
3963
27060
33025
39183
10563
27050
26357
93593
6115102
30874
48291
65998
32170
31365
77332
10103473
10104462
79200
37596
2436
38787
67024
26198
4643627
24593
66271
20475
89167
4401
95648
45456
73133
2315
26318
51591
32190
35137
40374
33395
65067
92926
14419
40630
52459
30456
62694
59439
31238
43475
80497
64570
56647
4643691
15359
49405
69909
54291
34867
47297
6125
4643619
41189
6845
6235
4643631
6134
14413
95652
40656
43781
2000094
821405
5473
4504
28782
31066
34585
49274
6014
170310
16139
20810
455
58006
6021396
79003
24521
51732
3347
6071266
55343
71824
87826
10073602
77814
98593
30179
92229
32009
4644158
10101465
6169
4715
3263
6166
2587
169725
21368
99353
37747
01677
90529
35138
4173820
13349
4585
63817
43085
27934
21308
4562027
10001123
50914
4199265
83496
3831
6112
4238
51635
31211
30085
21054
98141
22156
4319
77237
25916
4025
42908
44524
79270
79600
69762
71444
98138
10989
32652
60904
50939
93095
12606
15144
12993
44480
67585
4809
61649
169665
12799
64867
24557
86037
24504
39570
65759
26653
87761
41732
83350
86146
4416
4643608
3129
75763
66476
64319
37628
1706
25517
24084
65340
93069
11156
33055
67142
93666
15582
16698
21432
14872
6363
79743
2221
77151
6909
32221
2300
19389
44819
16697
57035
49526
33182
56604
77086
2146
84966
42863
120630
60750
4643696
43857
25692
84195
78265
47276
10100112
64393
4643137
32373
28962
10101845
10101444
18942
41531
66211
30354
87794
44523
78168
40553
3157
87684
51027
810206
33075
42022
13289
35086
71451
52053
47684
4197
192915
98377
36840
52629
53562
6065
4117700
4643699
27017
25804
62462
65509
4177936
49833
44145
63586
31330
6237015
32030
11278
56627
51676
10100076
67440
21375
53050
4643722
42029
42806
93559
92107
16467
2618
45498
21373
35940
53569
10095456
197915
2336
50616
6637
10101462
47298
6021402
4643429
89522
98835
1383
71709
20193
71128
40218
16097
41855
73564
30272
6021469
48026
21562
6295
42819
90192
902222
2737
56507
26668
42205
51650
64847
4621847
71398
52366
42089
65783
89465
56763
50900
92908
1648
810305
71507
62850
40246
13781
49818
32054
6021466
11272
169595
19245
15303
14707
2205
40582
35965
86387
53118
32281
80515
47117
4617235
77562
6228842
14261
10104343
90193
2745
61624
54129
6190075
33037
2437
72734
27382
14295
57781
61973
28593
48290
18673
32968
41854
40388
28533
51704
15114
1536
54276
90652
4173956
15208
47417
195055
25343
14310
44569
70642
69367
2571
4173953
3118
168285
72651
747
6021401
4438
11062
16375
15404
19869
57571
89954
2642
24131
62313
72549
92568
30055
90541
30608
42037
13783
24532
99464
99251
78257
69943
24312
354
78442
170883
2526
60481
13591
24931
44773
1656
33718
24530
88007
32242
87754
74746
15573
1131
92474
38357
71784
58122
22487
11458
57554
61903
18741
120246
54087
6021455
72306
6020
35336
2224
169675
43910
85975
92203
85780
48723
49949
33298
25851
2042
85765
10106123
74417
6064213
2452
89619
67583
93691
85973
3741
73947
63659
004591
68993
10100001
38262
4122123
68193
98562
572
57539
60598
198331
4648
10001121
48642
53135
58239
6585
33401
18591
2917
4631447
169655
30254
98342
2937
12941
92002
22330
4755
85945
6198
4128535
58842
46303
85952
21514
4532
4459
65882
842
4711
32037
65634
4403
94607
51034
49240
29011
30090
4505
30110
6447
6994
31025
46372
4113
93562
4612934
64647
71300
28974
37154
10100072
43850
95326
70695
54393
93150
32861
4424
4164083
6070937
24130
34986
169615
769
4748
6064215
87620
67243
94260
4621829
4132572
3661
40327
10100106
003583
60491
54101
88148
19094
22953
4926
90392
13048
28679
6182870
66111
61653
4178
79243
16334
901956
6146528
650
4128420
12968
69126
3938
24072
10187
67364
22410
195515
41977
4325
26765
20736
3867
73112
20141
79005
190235
10104748
4643725
24450
22390
163155
65766
2009689
26104
44482
44594
841
44535
77823
65635
11797
46835
13621
71622
68609
85921
168795
3385
50821
62844
25378
54399
4621814
64450
47998
11455
2825
30220
759464
168135
31919
92018
64258
4123041
44846
39778
54734
53574
41361
48349
48056
16732
87609
6021388
58396
2736
4283798
71453
15355
47295
10100071
77597
92238
20802
57535
30284
44147
31133
75020
64727
44460
4625
65465
88161
30951
39210
2463
14045
61806
4268656
1942
56619
4621868
31384
87781
31366
18973
21225
67027
72828
17762
10100759
63213
1566
80481
75604
24552
19215
33170
43920819203
49112
24699
73111
35459
2538
48253
47452
71808
10104820
4677
87326
42445
26986
72843
4799
77192
4645
72824
165285
2000095
6697
49465
35526
53458
44545
1989
821420
184
54396
4643131
50965
39601
4199
27066
6021457
80488
44140
92216
10001511
67600
199699
10010490
24510
15344
79501
89650
31859
48051
23159
66888
100731
47310
195825
72333
65878
35554
20170
73110
64392
33378
44777
37562
92006
569
6021412
82234
6079479
66302
72999
61799
14679
24866
4643542
79730
4189251
15341
26562
4440
164565
2103
004740
6222
196325
26913
4643662
192385
20028
66606
90616
40648
77193
93554
53308
64979
30921
22587
3895
163345
72373
48052
79790
190735
4117695
15462
6876
52259
67898
73961
65576
41983
4621834
36017
004232
10101080
37158
51266
6025
21670
97793
4083
99900
4643692
23983
30407
95458
6642
31013
33021
67377
53049
21436
47305
003435
6141
6303206
39765
84954
15332
41417
3478
6150524
10102450
54807
41532
4267
23447
86133
66832
11299
40507
43657
4182
22013
3483
17671
44491
89140
87990
21
98108
92213
87821
32765
16449
32952
63812
45283
34024
22495
43274
003436
21778
4173823
30164
32175
10751
4642684
004488
85842
26322
4621869
41257
89899
24742
49423
51675
52843
70495
27256
47531
30706
3170
4033
11197
52654
76798
77274
89898
48081
80224
15455
47330
99222
10104166
26518
10001705
19471
52668
68571
49567
10010484
15577
78795
63777
38585
90498
742
4178010
3605
10075764
42039
59426
4151
58593
22272
64564
4066
99798
4643649
49534
30107
36
29434
15439
35863
12970
38801
24509
50163
51000
99948
95547
54122
56904
28214
44221
3848
60658
4700
32187
85977
72803
4631420
89199
61194
49272
6391
60340
13565
95049
62712
2650
55080
92279
47301
61254
3250
67598
16417
42602
71852
60917
88693
2509
30890
18434
14704
3987
32251
87831
4807
72212
11336
84194
20870
10100295
10639
40378
87792
48138
4229
3982
19039
57585
92409
51731
36570
11641
10101435
98589
6073202
55978
10752
79783
62020
4402
30195
2408
21939
31334
4301
58395
15406
61311
88403
80400
12751
13763
6787
38733
42601
65625
36956
12617
50125
004219
6163835
11640
2900
6020984
50915
90064
2962
58665
44351
17075
48072
43440
004646
3854
4890
6543
67538
29453
98370
31032
69906
6303222
90636
44148
49142
55639
30224
10001913
6058367
67790
28252
23236
3190
170889
196685
6234123
58480
24073
34329
6236
19121
2465
33240
94531
20310
94161
59187
34523
29463
90460
77258
004234
6058379
2546
98603
14901
670
18742
49566
4617238
4662108
26324
4367
17005
32333
46282
4179472
67794
20382
7852
51742
64802
53662
10048
77150
6290
6185
75868
60921
41614
2405
44814
21496
30135
75266
31990
4132569
29028
64065
32076
13548
67550
29421
41659
6498
4643544
63211
61780
168215
759533
80796
2598
91792
50625
43723
41790
31136
79280
6073262
11169
6072
168365
4643634
9213
4259582
28965
165345
4643720
69153
68733
12953
67095
50986
28324
52037
3308
17457
77604
66348
44674
30400
31442
6580
4218
49590
6073293
29119
2926
48566
6470
60902
64797
93912
90540
69903
4643677
56716
12547
89993
87999
77590
72024
10104792
50947
84624
98347
85204
42793
3403
64297
85557
710
6004466
67100
47974
30153
26139
51265
67298
64295
4209
43056
6021467
10069881
6359202
44822
4116414
36849
44525
24348
43088
14149
32908
10991
4621828
3878
4621818
4672
52731
22168
47304
30649
92951
4631424
2961
77149
23186
45474
25380
6945
79271
6021454
49823
50928
98585
32802
30257
1088
27146
98239
4643440
10103439
73552
47044
26559
10101074
77563
76700
6021410
18453
44513
30216
87572
52828
46279
93090
3644
15379
89144
5034
86185
1148
6021456
6021382
4612923
22915
17591
13607
10178
60775
195475
13750
4662107
44817
16392
65084
6073193
40144
33637
4771
15500
10095459
6529
42610
66641
90509
31325
10100770
10102294
1382
4644160
4643723
10054
71472
36396
85616
56907
607
22964
26761
169585
73828
6060
31637
67834
26912
23221
4845
21522
79782
50901
30018
194385
59916
86435
89822
56898
24474
98834
16477
3986
54118
49107
2142
10103466
4452
21995
44125
85776
30294
54358
61199
63508
28223
88929
163145
39184
35442
691
1618
66915
29223
810306
30104
30277
80500
15090
4643688
77071
190435
4173952
2583
6078576
87978
24548
37290
10103051
6112152
66889
17594
30129
16340
10537
44578
88293
78826
72548
6115097
47912
4611
87822
810205
26701
4862
26634
76919
48493
10103440
53040
30103
51644
24490
4617225
102661
60402
2851
32193
29462
10105342
23158
27130
24014
23996
18575
61966
21031
4247
47405
90397
29107
87612
51705
85943
40115
3036
19451
46296
65705
64681
32824
78580
4643672
85025
52107
6058392
10102440
14898
64454
64947
58497
77607
38975
6058366
79985
2007
32556
30909
39071
31804
13756
2164
1752
80682
54395
92512
56214
72058
3135
60484
76777
30553
6020983
3231
004848
24093
25136
21419
30275
30457
49816
51799
53315
98223